{
 "cells": [
  {
   "cell_type": "code",
   "execution_count": 3,
   "metadata": {},
   "outputs": [],
   "source": [
    "import numpy as np\n",
    "from autograd import grad"
   ]
  },
  {
   "cell_type": "code",
   "execution_count": 2,
   "metadata": {},
   "outputs": [],
   "source": [
    "def softmax(z):\n",
    "    \"\"\"Compute softmax values for each set of scores in the rows of the matrix z.\n",
    "    Used with batched input data.\"\"\"\n",
    "    e_z = np.exp(z - np.max(z, axis=0))\n",
    "    return e_z / np.sum(e_z, axis=1)[:, np.newaxis]\n",
    "\n",
    "def softmax_der(z):\n",
    "    s = z.reshape(-1, 1)\n",
    "    return np.diagflat(s) - np.dot(s, s.T)"
   ]
  },
  {
   "cell_type": "code",
   "execution_count": 14,
   "metadata": {},
   "outputs": [
    {
     "name": "stdout",
     "output_type": "stream",
     "text": [
      "[[ 4.21427202e-02 -2.52773754e-02 -1.68653448e-02 -9.24224561e-01\n",
      "  -1.79144744e-02 -1.37746404e-02 -9.35976882e-01 -1.53053618e-02\n",
      "  -4.63143153e-03 -9.36043937e-01 -1.46855610e-02 -5.18417746e-03\n",
      "  -9.45280791e-01 -7.35463291e-03 -3.27825235e-03 -9.48863584e-01\n",
      "  -5.35469170e-03 -1.69540020e-03 -9.26630364e-01 -2.07309649e-02\n",
      "  -8.55234706e-03 -9.34450915e-01 -1.34267921e-02 -8.03596875e-03\n",
      "  -8.84600127e-01 -3.20809593e-02 -3.92325896e-02 -9.42633453e-01\n",
      "  -9.89710250e-03 -3.38312056e-03]\n",
      " [-2.52773754e-02  2.57439165e-02 -4.66541039e-04 -2.55665504e-02\n",
      "  -4.95562801e-04 -3.81043799e-04 -2.58916514e-02 -4.23387693e-04\n",
      "  -1.28117919e-04 -2.58935063e-02 -4.06242325e-04 -1.43408366e-04\n",
      "  -2.61490227e-02 -2.03449033e-04 -9.06853242e-05 -2.62481324e-02\n",
      "  -1.48125251e-04 -4.68993538e-05 -2.56331014e-02 -5.73474545e-04\n",
      "  -2.36581045e-04 -2.58494390e-02 -3.71421374e-04 -2.22296624e-04\n",
      "  -2.44704314e-02 -8.87446081e-04 -1.08527951e-03 -2.60757901e-02\n",
      "  -2.73780616e-04 -9.35862626e-05]\n",
      " [-1.68653448e-02 -4.66541039e-04  1.73318858e-02 -1.70582855e-02\n",
      "  -3.30644988e-04 -2.54236641e-04 -1.72751965e-02 -2.82488957e-04\n",
      "  -8.54816943e-05 -1.72764341e-02 -2.71049377e-04 -9.56836498e-05\n",
      "  -1.74469174e-02 -1.35743447e-04 -6.05062524e-05 -1.75130446e-02\n",
      "  -9.88308077e-05 -3.12917681e-05 -1.71026891e-02 -3.82628566e-04\n",
      "  -1.57849492e-04 -1.72470319e-02 -2.47816453e-04 -1.48318769e-04\n",
      "  -1.63269428e-02 -5.92113851e-04 -7.24110505e-04 -1.73980559e-02\n",
      "  -1.82669458e-04 -6.24417906e-05]\n",
      " [-9.24224561e-01 -2.55665504e-02 -1.70582855e-02  3.20516405e-02\n",
      "  -1.81194173e-02 -1.39322232e-02 -9.46684525e-01 -1.54804563e-02\n",
      "  -4.68441544e-03 -9.46752347e-01 -1.48535648e-02 -5.24348483e-03\n",
      "  -9.56094871e-01 -7.43877044e-03 -3.31575579e-03 -9.59718652e-01\n",
      "  -5.41594976e-03 -1.71479570e-03 -9.37231082e-01 -2.09681286e-02\n",
      "  -8.65018652e-03 -9.45141101e-01 -1.35803955e-02 -8.12790081e-03\n",
      "  -8.94720016e-01 -3.24479678e-02 -3.96814132e-02 -9.53417247e-01\n",
      "  -1.00103261e-02 -3.42182371e-03]\n",
      " [-1.79144744e-02 -4.95562801e-04 -3.30644988e-04 -1.81194173e-02\n",
      "   1.83894690e-02 -2.70051746e-04 -1.83498214e-02 -3.00061532e-04\n",
      "  -9.07991888e-05 -1.83511361e-02 -2.87910339e-04 -1.01635770e-04\n",
      "  -1.85322245e-02 -1.44187536e-04 -6.42701186e-05 -1.86024652e-02\n",
      "  -1.04978700e-04 -3.32383112e-05 -1.81665830e-02 -4.06430449e-04\n",
      "  -1.67668715e-04 -1.83199049e-02 -2.63232182e-04 -1.57545122e-04\n",
      "  -1.73425804e-02 -6.28947025e-04 -7.69154695e-04 -1.84803235e-02\n",
      "  -1.94032638e-04 -6.63260594e-05]\n",
      " [-1.37746404e-02 -3.81043799e-04 -2.54236641e-04 -1.39322232e-02\n",
      "  -2.70051746e-04  1.42022750e-02 -1.41093836e-02 -2.30720679e-04\n",
      "  -6.98165151e-05 -1.41103944e-02 -2.21377490e-04 -7.81488837e-05\n",
      "  -1.42496354e-02 -1.10867415e-04 -4.94180154e-05 -1.43036442e-02\n",
      "  -8.07193007e-05 -2.55573105e-05 -1.39684895e-02 -3.12508933e-04\n",
      "  -1.28922357e-04 -1.40863804e-02 -2.02402178e-04 -1.21138212e-04\n",
      "  -1.33349047e-02 -4.83604425e-04 -5.91411676e-04 -1.42097281e-02\n",
      "  -1.49193873e-04 -5.09988513e-05]\n",
      " [-9.35976882e-01 -2.58916514e-02 -1.72751965e-02 -9.46684525e-01\n",
      "  -1.83498214e-02 -1.41093836e-02  2.04212856e-02 -1.56773038e-02\n",
      "  -4.74398187e-03 -9.58791129e-01 -1.50424409e-02 -5.31016031e-03\n",
      "  -9.68252451e-01 -7.53336089e-03 -3.35791852e-03 -9.71922311e-01\n",
      "  -5.48481828e-03 -1.73660082e-03 -9.49148792e-01 -2.12347567e-02\n",
      "  -8.76018119e-03 -9.57159394e-01 -1.37530821e-02 -8.23125416e-03\n",
      "  -9.06097161e-01 -3.28605720e-02 -4.01859970e-02 -9.65540779e-01\n",
      "  -1.01376161e-02 -3.46533518e-03]\n",
      " [-1.53053618e-02 -4.23387693e-04 -2.82488957e-04 -1.54804563e-02\n",
      "  -3.00061532e-04 -2.30720679e-04 -1.56773038e-02  1.57548787e-02\n",
      "  -7.75749491e-05 -1.56784269e-02 -2.45978298e-04 -8.68332610e-05\n",
      "  -1.58331412e-02 -1.23187673e-04 -5.49096445e-05 -1.58931518e-02\n",
      "  -8.96893182e-05 -2.83973936e-05 -1.55207527e-02 -3.47236818e-04\n",
      "  -1.43248990e-04 -1.56517443e-02 -2.24894334e-04 -1.34599824e-04\n",
      "  -1.48167601e-02 -5.37345478e-04 -6.57132923e-04 -1.57887991e-02\n",
      "  -1.65773199e-04 -5.66661525e-05]\n",
      " [-4.63143153e-03 -1.28117919e-04 -8.54816943e-05 -4.68441544e-03\n",
      "  -9.07991888e-05 -6.98165151e-05 -4.74398187e-03 -7.75749491e-05\n",
      "   4.82155682e-03 -4.74432173e-03 -7.44334996e-05 -2.62759095e-05\n",
      "  -4.79113856e-03 -3.72768236e-05 -1.66157626e-05 -4.80929788e-03\n",
      "  -2.71401579e-05 -8.59310518e-06 -4.69660921e-03 -1.05074520e-04\n",
      "  -4.33474161e-05 -4.73624753e-03 -6.80534522e-05 -4.07301620e-05\n",
      "  -4.48357971e-03 -1.62601761e-04 -1.98849669e-04 -4.77772057e-03\n",
      "  -5.01632847e-05 -1.71472853e-05]\n",
      " [-9.36043937e-01 -2.58935063e-02 -1.72764341e-02 -9.46752347e-01\n",
      "  -1.83511361e-02 -1.41103944e-02 -9.58791129e-01 -1.56784269e-02\n",
      "  -4.74432173e-03  2.03540593e-02 -1.50435185e-02 -5.31054074e-03\n",
      "  -9.68321818e-01 -7.53390059e-03 -3.35815908e-03 -9.71991941e-01\n",
      "  -5.48521123e-03 -1.73672523e-03 -9.49216791e-01 -2.12362780e-02\n",
      "  -8.76080878e-03 -9.57227967e-01 -1.37540674e-02 -8.23184386e-03\n",
      "  -9.06162076e-01 -3.28629262e-02 -4.01888760e-02 -9.65609952e-01\n",
      "  -1.01383424e-02 -3.46558344e-03]\n",
      " [-1.46855610e-02 -4.06242325e-04 -2.71049377e-04 -1.48535648e-02\n",
      "  -2.87910339e-04 -2.21377490e-04 -1.50424409e-02 -2.45978298e-04\n",
      "  -7.44334996e-05 -1.50435185e-02  1.51268354e-02 -8.33168899e-05\n",
      "  -1.51919675e-02 -1.18199106e-04 -5.26860417e-05 -1.52495480e-02\n",
      "  -8.60572892e-05 -2.72474221e-05 -1.48922294e-02 -3.33175231e-04\n",
      "  -1.37448026e-04 -1.50179165e-02 -2.15787087e-04 -1.29149114e-04\n",
      "  -1.42167455e-02 -5.15585313e-04 -6.30521885e-04 -1.51494211e-02\n",
      "  -1.59060103e-04 -5.43714188e-05]\n",
      " [-5.18417746e-03 -1.43408366e-04 -9.56836498e-05 -5.24348483e-03\n",
      "  -1.01635770e-04 -7.81488837e-05 -5.31016031e-03 -8.68332610e-05\n",
      "  -2.62759095e-05 -5.31054074e-03 -8.33168899e-05  5.39385763e-03\n",
      "  -5.36294499e-03 -4.17256884e-05 -1.85987986e-05 -5.38327157e-03\n",
      "  -3.03792453e-05 -9.61866367e-06 -5.25713388e-03 -1.17614814e-04\n",
      "  -4.85207859e-05 -5.30150290e-03 -7.61754051e-05 -4.55911712e-05\n",
      "  -5.01868002e-03 -1.82007740e-04 -2.22581715e-04 -5.34792562e-03\n",
      "  -5.61501057e-05 -1.91937567e-05]\n",
      " [-9.45280791e-01 -2.61490227e-02 -1.74469174e-02 -9.56094871e-01\n",
      "  -1.85322245e-02 -1.42496354e-02 -9.68252451e-01 -1.58331412e-02\n",
      "  -4.79113856e-03 -9.68321818e-01 -1.51919675e-02 -5.36294499e-03\n",
      "   1.09995422e-02 -7.60824490e-03 -3.39129730e-03 -9.81583528e-01\n",
      "  -5.53933912e-03 -1.75386319e-03 -9.58583634e-01 -2.14458369e-02\n",
      "  -8.84726018e-03 -9.66673863e-01 -1.38897921e-02 -8.31307544e-03\n",
      "  -9.15104056e-01 -3.31872166e-02 -4.05854586e-02 -9.75138562e-01\n",
      "  -1.02383872e-02 -3.49978171e-03]\n",
      " [-7.35463291e-03 -2.03449033e-04 -1.35743447e-04 -7.43877044e-03\n",
      "  -1.44187536e-04 -1.10867415e-04 -7.53336089e-03 -1.23187673e-04\n",
      "  -3.72768236e-05 -7.53390059e-03 -1.18199106e-04 -4.17256884e-05\n",
      "  -7.60824490e-03  7.63463044e-03 -2.63855427e-05 -7.63708159e-03\n",
      "  -4.30980998e-05 -1.36457019e-05 -7.45813393e-03 -1.66856515e-04\n",
      "  -6.88349446e-05 -7.52107890e-03 -1.08067701e-04 -6.46787905e-05\n",
      "  -7.11984679e-03 -2.58208775e-04 -3.15769824e-04 -7.58693737e-03\n",
      "  -7.96584256e-05 -2.72295915e-05]\n",
      " [-3.27825235e-03 -9.06853242e-05 -6.05062524e-05 -3.31575579e-03\n",
      "  -6.42701186e-05 -4.94180154e-05 -3.35791852e-03 -5.49096445e-05\n",
      "  -1.66157626e-05 -3.35815908e-03 -5.26860417e-05 -1.85987986e-05\n",
      "  -3.39129730e-03 -2.63855427e-05  3.41768284e-03 -3.40415096e-03\n",
      "  -1.92105369e-05 -6.08243198e-06 -3.32438687e-03 -7.43745837e-05\n",
      "  -3.06824721e-05 -3.35244394e-03 -4.81700718e-05 -2.88299089e-05\n",
      "  -3.17359884e-03 -1.15093919e-04 -1.40751168e-04 -3.38179969e-03\n",
      "  -3.55069280e-05 -1.21373117e-05]\n",
      " [-9.48863584e-01 -2.62481324e-02 -1.75130446e-02 -9.59718652e-01\n",
      "  -1.86024652e-02 -1.43036442e-02 -9.71922311e-01 -1.58931518e-02\n",
      "  -4.80929788e-03 -9.71991941e-01 -1.52495480e-02 -5.38327157e-03\n",
      "  -9.81583528e-01 -7.63708159e-03 -3.40415096e-03  7.32084493e-03\n",
      "  -5.56033427e-03 -1.76051066e-03 -9.62216847e-01 -2.15271207e-02\n",
      "  -8.88079297e-03 -9.70337740e-01 -1.39424370e-02 -8.34458357e-03\n",
      "  -9.18572473e-01 -3.33130024e-02 -4.07392852e-02 -9.78834522e-01\n",
      "  -1.02771926e-02 -3.51304655e-03]\n",
      " [-5.35469170e-03 -1.48125251e-04 -9.88308077e-05 -5.41594976e-03\n",
      "  -1.04978700e-04 -8.07193007e-05 -5.48481828e-03 -8.96893182e-05\n",
      "  -2.71401579e-05 -5.48521123e-03 -8.60572892e-05 -3.03792453e-05\n",
      "  -5.53933912e-03 -4.30980998e-05 -1.92105369e-05 -5.56033427e-03\n",
      "   5.57026930e-03 -9.93503384e-06 -5.43004775e-03 -1.21483316e-04\n",
      "  -5.01166967e-05 -5.47587613e-03 -7.86809118e-05 -4.70907232e-05\n",
      "  -5.18375084e-03 -1.87994208e-04 -2.29902713e-04 -5.52382574e-03\n",
      "  -5.79969546e-05 -1.98250639e-05]\n",
      " [-1.69540020e-03 -4.68993538e-05 -3.12917681e-05 -1.71479570e-03\n",
      "  -3.32383112e-05 -2.55573105e-05 -1.73660082e-03 -2.83973936e-05\n",
      "  -8.59310518e-06 -1.73672523e-03 -2.72474221e-05 -9.61866367e-06\n",
      "  -1.75386319e-03 -1.36457019e-05 -6.08243198e-06 -1.76051066e-03\n",
      "  -9.93503384e-06  1.77044569e-03 -1.71925940e-03 -3.84639956e-05\n",
      "  -1.58679271e-05 -1.73376956e-03 -2.49119167e-05 -1.49098447e-05\n",
      "  -1.64127698e-03 -5.95226457e-05 -7.27916987e-05 -1.74895135e-03\n",
      "  -1.83629710e-05 -6.27700327e-06]\n",
      " [-9.26630364e-01 -2.56331014e-02 -1.71026891e-02 -9.37231082e-01\n",
      "  -1.81665830e-02 -1.39684895e-02 -9.49148792e-01 -1.55207527e-02\n",
      "  -4.69660921e-03 -9.49216791e-01 -1.48922294e-02 -5.25713388e-03\n",
      "  -9.58583634e-01 -7.45813393e-03 -3.32438687e-03 -9.62216847e-01\n",
      "  -5.43004775e-03 -1.71925940e-03  2.96954131e-02 -2.10227097e-02\n",
      "  -8.67270339e-03 -9.47601350e-01 -1.36157460e-02 -8.14905814e-03\n",
      "  -8.97049017e-01 -3.25324315e-02 -3.97847059e-02 -9.55899040e-01\n",
      "  -1.00363834e-02 -3.43073088e-03]\n",
      " [-2.07309649e-02 -5.73474545e-04 -3.82628566e-04 -2.09681286e-02\n",
      "  -4.06430449e-04 -3.12508933e-04 -2.12347567e-02 -3.47236818e-04\n",
      "  -1.05074520e-04 -2.12362780e-02 -3.33175231e-04 -1.17614814e-04\n",
      "  -2.14458369e-02 -1.66856515e-04 -7.43745837e-05 -2.15271207e-02\n",
      "  -1.21483316e-04 -3.84639956e-05 -2.10227097e-02  2.12167391e-02\n",
      "  -1.94029374e-04 -2.12001367e-02 -3.04617205e-04 -1.82314162e-04\n",
      "  -2.00691586e-02 -7.27829265e-04 -8.90080203e-04 -2.13857761e-02\n",
      "  -2.24538199e-04 -7.67537568e-05]\n",
      " [-8.55234706e-03 -2.36581045e-04 -1.57849492e-04 -8.65018652e-03\n",
      "  -1.67668715e-04 -1.28922357e-04 -8.76018119e-03 -1.43248990e-04\n",
      "  -4.33474161e-05 -8.76080878e-03 -1.37448026e-04 -4.85207859e-05\n",
      "  -8.84726018e-03 -6.88349446e-05 -3.06824721e-05 -8.88079297e-03\n",
      "  -5.01166967e-05 -1.58679271e-05 -8.67270339e-03 -1.94029374e-04\n",
      "   8.86673276e-03 -8.74589905e-03 -1.25666705e-04 -7.52118386e-05\n",
      "  -8.27932563e-03 -3.00258502e-04 -3.67193463e-04 -8.82248269e-03\n",
      "  -9.26309322e-05 -3.16639755e-05]\n",
      " [-9.34450915e-01 -2.58494390e-02 -1.72470319e-02 -9.45141101e-01\n",
      "  -1.83199049e-02 -1.40863804e-02 -9.57159394e-01 -1.56517443e-02\n",
      "  -4.73624753e-03 -9.57227967e-01 -1.50179165e-02 -5.30150290e-03\n",
      "  -9.66673863e-01 -7.52107890e-03 -3.35244394e-03 -9.70337740e-01\n",
      "  -5.47587613e-03 -1.73376956e-03 -9.47601350e-01 -2.12001367e-02\n",
      "  -8.74589905e-03  2.19484941e-02 -1.37306598e-02 -8.21783435e-03\n",
      "  -9.04619908e-01 -3.28069979e-02 -4.01204798e-02 -9.63966612e-01\n",
      "  -1.01210883e-02 -3.45968548e-03]\n",
      " [-1.34267921e-02 -3.71421374e-04 -2.47816453e-04 -1.35803955e-02\n",
      "  -2.63232182e-04 -2.02402178e-04 -1.37530821e-02 -2.24894334e-04\n",
      "  -6.80534522e-05 -1.37540674e-02 -2.15787087e-04 -7.61754051e-05\n",
      "  -1.38897921e-02 -1.08067701e-04 -4.81700718e-05 -1.39424370e-02\n",
      "  -7.86809118e-05 -2.49119167e-05 -1.36157460e-02 -3.04617205e-04\n",
      "  -1.25666705e-04 -1.37306598e-02  1.38487389e-02 -1.18079132e-04\n",
      "  -1.29981609e-02 -4.71392056e-04 -5.76476871e-04 -1.38508926e-02\n",
      "  -1.45426309e-04 -4.97109872e-05]\n",
      " [-8.03596875e-03 -2.22296624e-04 -1.48318769e-04 -8.12790081e-03\n",
      "  -1.57545122e-04 -1.21138212e-04 -8.23125416e-03 -1.34599824e-04\n",
      "  -4.07301620e-05 -8.23184386e-03 -1.29149114e-04 -4.55911712e-05\n",
      "  -8.31307544e-03 -6.46787905e-05 -2.88299089e-05 -8.34458357e-03\n",
      "  -4.70907232e-05 -1.49098447e-05 -8.14905814e-03 -1.82314162e-04\n",
      "  -7.52118386e-05 -8.21783435e-03 -1.18079132e-04  8.33591349e-03\n",
      "  -7.77943196e-03 -2.82129329e-04 -3.45022855e-04 -8.28979398e-03\n",
      "  -8.70380109e-05 -2.97521506e-05]\n",
      " [-8.84600127e-01 -2.44704314e-02 -1.63269428e-02 -8.94720016e-01\n",
      "  -1.73425804e-02 -1.33349047e-02 -9.06097161e-01 -1.48167601e-02\n",
      "  -4.48357971e-03 -9.06162076e-01 -1.42167455e-02 -5.01868002e-03\n",
      "  -9.15104056e-01 -7.11984679e-03 -3.17359884e-03 -9.18572473e-01\n",
      "  -5.18375084e-03 -1.64127698e-03 -8.97049017e-01 -2.00691586e-02\n",
      "  -8.27932563e-03 -9.04619908e-01 -1.29981609e-02 -7.77943196e-03\n",
      "   6.90369660e-02 -3.10568207e-02 -3.79801453e-02 -9.12541230e-01\n",
      "  -9.58115168e-03 -3.27511929e-03]\n",
      " [-3.20809593e-02 -8.87446081e-04 -5.92113851e-04 -3.24479678e-02\n",
      "  -6.28947025e-04 -4.83604425e-04 -3.28605720e-02 -5.37345478e-04\n",
      "  -1.62601761e-04 -3.28629262e-02 -5.15585313e-04 -1.82007740e-04\n",
      "  -3.31872166e-02 -2.58208775e-04 -1.15093919e-04 -3.33130024e-02\n",
      "  -1.87994208e-04 -5.95226457e-05 -3.25324315e-02 -7.27829265e-04\n",
      "  -3.00258502e-04 -3.28069979e-02 -4.71392056e-04 -2.82129329e-04\n",
      "  -3.10568207e-02  3.24342108e-02 -1.37739015e-03 -3.30942730e-02\n",
      "  -3.47470601e-04 -1.18775665e-04]\n",
      " [-3.92325896e-02 -1.08527951e-03 -7.24110505e-04 -3.96814132e-02\n",
      "  -7.69154695e-04 -5.91411676e-04 -4.01859970e-02 -6.57132923e-04\n",
      "  -1.98849669e-04 -4.01888760e-02 -6.30521885e-04 -2.22581715e-04\n",
      "  -4.05854586e-02 -3.15769824e-04 -1.40751168e-04 -4.07392852e-02\n",
      "  -2.29902713e-04 -7.27916987e-05 -3.97847059e-02 -8.90080203e-04\n",
      "  -3.67193463e-04 -4.01204798e-02 -5.76476871e-04 -3.45022855e-04\n",
      "  -3.79801453e-02 -1.37739015e-03  3.93575355e-02 -4.04717956e-02\n",
      "  -4.24930293e-04 -1.45253665e-04]\n",
      " [-9.42633453e-01 -2.60757901e-02 -1.73980559e-02 -9.53417247e-01\n",
      "  -1.84803235e-02 -1.42097281e-02 -9.65540779e-01 -1.57887991e-02\n",
      "  -4.77772057e-03 -9.65609952e-01 -1.51494211e-02 -5.34792562e-03\n",
      "  -9.75138562e-01 -7.58693737e-03 -3.38179969e-03 -9.78834522e-01\n",
      "  -5.52382574e-03 -1.74895135e-03 -9.55899040e-01 -2.13857761e-02\n",
      "  -8.82248269e-03 -9.63966612e-01 -1.38508926e-02 -8.28979398e-03\n",
      "  -9.12541230e-01 -3.30942730e-02 -4.04717956e-02  1.36996940e-02\n",
      "  -1.02097138e-02 -3.48998028e-03]\n",
      " [-9.89710250e-03 -2.73780616e-04 -1.82669458e-04 -1.00103261e-02\n",
      "  -1.94032638e-04 -1.49193873e-04 -1.01376161e-02 -1.65773199e-04\n",
      "  -5.01632847e-05 -1.01383424e-02 -1.59060103e-04 -5.61501057e-05\n",
      "  -1.02383872e-02 -7.96584256e-05 -3.55069280e-05 -1.02771926e-02\n",
      "  -5.79969546e-05 -1.83629710e-05 -1.00363834e-02 -2.24538199e-04\n",
      "  -9.26309322e-05 -1.01210883e-02 -1.45426309e-04 -8.70380109e-05\n",
      "  -9.58115168e-03 -3.47470601e-04 -4.24930293e-04 -1.02097138e-02\n",
      "   1.02463565e-02 -3.66427613e-05]\n",
      " [-3.38312056e-03 -9.35862626e-05 -6.24417906e-05 -3.42182371e-03\n",
      "  -6.63260594e-05 -5.09988513e-05 -3.46533518e-03 -5.66661525e-05\n",
      "  -1.71472853e-05 -3.46558344e-03 -5.43714188e-05 -1.91937567e-05\n",
      "  -3.49978171e-03 -2.72295915e-05 -1.21373117e-05 -3.51304655e-03\n",
      "  -1.98250639e-05 -6.27700327e-06 -3.43073088e-03 -7.67537568e-05\n",
      "  -3.16639755e-05 -3.45968548e-03 -4.97109872e-05 -2.97521506e-05\n",
      "  -3.27511929e-03 -1.18775665e-04 -1.45253665e-04 -3.48998028e-03\n",
      "  -3.66427613e-05  3.52662304e-03]]\n",
      "vaporeon\n"
     ]
    },
    {
     "ename": "TypeError",
     "evalue": "Grad only applies to real scalar-output functions. Try jacobian, elementwise_grad or holomorphic_grad.",
     "output_type": "error",
     "traceback": [
      "\u001b[1;31m---------------------------------------------------------------------------\u001b[0m",
      "\u001b[1;31mTypeError\u001b[0m                                 Traceback (most recent call last)",
      "Cell \u001b[1;32mIn[14], line 16\u001b[0m\n\u001b[0;32m     13\u001b[0m \u001b[38;5;28mprint\u001b[39m(\u001b[38;5;124m'\u001b[39m\u001b[38;5;124mvaporeon\u001b[39m\u001b[38;5;124m'\u001b[39m)\n\u001b[0;32m     15\u001b[0m cost_autograd \u001b[38;5;241m=\u001b[39m grad(softmax)\n\u001b[1;32m---> 16\u001b[0m \u001b[38;5;28mprint\u001b[39m(\u001b[43mcost_autograd\u001b[49m\u001b[43m(\u001b[49m\u001b[43mz\u001b[49m\u001b[43m)\u001b[49m)\n",
      "File \u001b[1;32mc:\\Users\\maria\\anaconda3\\envs\\fysstk3155\\Lib\\site-packages\\autograd\\wrap_util.py:20\u001b[0m, in \u001b[0;36munary_to_nary.<locals>.nary_operator.<locals>.nary_f\u001b[1;34m(*args, **kwargs)\u001b[0m\n\u001b[0;32m     18\u001b[0m \u001b[38;5;28;01melse\u001b[39;00m:\n\u001b[0;32m     19\u001b[0m     x \u001b[38;5;241m=\u001b[39m \u001b[38;5;28mtuple\u001b[39m(args[i] \u001b[38;5;28;01mfor\u001b[39;00m i \u001b[38;5;129;01min\u001b[39;00m argnum)\n\u001b[1;32m---> 20\u001b[0m \u001b[38;5;28;01mreturn\u001b[39;00m \u001b[43munary_operator\u001b[49m\u001b[43m(\u001b[49m\u001b[43munary_f\u001b[49m\u001b[43m,\u001b[49m\u001b[43m \u001b[49m\u001b[43mx\u001b[49m\u001b[43m,\u001b[49m\u001b[43m \u001b[49m\u001b[38;5;241;43m*\u001b[39;49m\u001b[43mnary_op_args\u001b[49m\u001b[43m,\u001b[49m\u001b[43m \u001b[49m\u001b[38;5;241;43m*\u001b[39;49m\u001b[38;5;241;43m*\u001b[39;49m\u001b[43mnary_op_kwargs\u001b[49m\u001b[43m)\u001b[49m\n",
      "File \u001b[1;32mc:\\Users\\maria\\anaconda3\\envs\\fysstk3155\\Lib\\site-packages\\autograd\\differential_operators.py:30\u001b[0m, in \u001b[0;36mgrad\u001b[1;34m(fun, x)\u001b[0m\n\u001b[0;32m     28\u001b[0m vjp, ans \u001b[38;5;241m=\u001b[39m _make_vjp(fun, x)\n\u001b[0;32m     29\u001b[0m \u001b[38;5;28;01mif\u001b[39;00m \u001b[38;5;129;01mnot\u001b[39;00m vspace(ans)\u001b[38;5;241m.\u001b[39msize \u001b[38;5;241m==\u001b[39m \u001b[38;5;241m1\u001b[39m:\n\u001b[1;32m---> 30\u001b[0m     \u001b[38;5;28;01mraise\u001b[39;00m \u001b[38;5;167;01mTypeError\u001b[39;00m(\u001b[38;5;124m\"\u001b[39m\u001b[38;5;124mGrad only applies to real scalar-output functions. \u001b[39m\u001b[38;5;124m\"\u001b[39m\n\u001b[0;32m     31\u001b[0m                     \u001b[38;5;124m\"\u001b[39m\u001b[38;5;124mTry jacobian, elementwise_grad or holomorphic_grad.\u001b[39m\u001b[38;5;124m\"\u001b[39m)\n\u001b[0;32m     32\u001b[0m \u001b[38;5;28;01mreturn\u001b[39;00m vjp(vspace(ans)\u001b[38;5;241m.\u001b[39mones())\n",
      "\u001b[1;31mTypeError\u001b[0m: Grad only applies to real scalar-output functions. Try jacobian, elementwise_grad or holomorphic_grad."
     ]
    }
   ],
   "source": [
    "x = np.random.rand(10, 2)\n",
    "target = np.random.rand(10, 3)\n",
    "\n",
    "W = np.random.randn(3, 2)\n",
    "b = np.random.randn(3)\n",
    "\n",
    "z = np.dot(x, W.T) + b\n",
    "a = softmax(z)\n",
    "\n",
    "predict = a\n",
    "\n",
    "cost_autograd = grad(softmax)\n",
    "print(cost_autograd(z))"
   ]
  }
 ],
 "metadata": {
  "kernelspec": {
   "display_name": "fysstk3155",
   "language": "python",
   "name": "python3"
  },
  "language_info": {
   "codemirror_mode": {
    "name": "ipython",
    "version": 3
   },
   "file_extension": ".py",
   "mimetype": "text/x-python",
   "name": "python",
   "nbconvert_exporter": "python",
   "pygments_lexer": "ipython3",
   "version": "3.12.7"
  }
 },
 "nbformat": 4,
 "nbformat_minor": 2
}
